
<<<Training DATA Set>>>
Data: [
[1.   0.14 6.53], [1.   3.88 1.19], [1.   3.38 7.7 ], [1.   3.13 9.42], [1.   4.22 3.67], [1.   4.3  3.14], 
[1.   0.87 0.76], [1.  5.  0.7], [1.   3.09 2.12], [1.   5.87 8.16], [1.   6.98 4.81], [1.   9.63 4.09], 
[1.   4.16 3.82], [1.   8.22 7.55], [1.   7.84 1.18], [1.   8.61 2.57], [1.   6.29 9.72], [1.   5.76 9.39], 
[1.   1.52 1.34], [1.   6.39 9.74], [1.   4.18 7.3 ], [1.   8.42 3.07], [1.   5.97 2.13], [1.   6.33 6.44], 
[1.   6.33 9.05], [1.   3.77 9.47], [1.   5.24 9.81], [1.   4.63 7.21], [1.   6.85 6.55], [1.   1.26 5.56], 
[1.   2.44 3.43], [1.   7.47 8.35], [1.   5.68 8.32], [1.   3.54 1.16], [1.   7.52 6.97], [1.   7.76 1.61], 
[1.   4.18 0.07], [1.   3.76 3.74], [1.   7.2  6.17], [1.   4.38 0.9 ], [1.   4.87 6.37], [1.   1.95 1.39], 
[1.   5.94 6.89], [1.   5.47 8.69], [1.   7.59 2.21], [1.   1.77 6.41], [1.   5.75 7.03], [1.   8.67 8.86], 
[1.   9.06 2.94], [1.   4.71 8.73]
]
Data Classification: [
1, -1, -1, 1, -1, -1, 
-1, -1, 1, 1, 1, -1, 
-1, 1, -1, 1, -1, 1, 
1, 1, 1, -1, 1, 1, 
1, -1, -1, -1, -1, -1, 
1, 1, -1, -1, -1, -1, 
-1, 1, 1, 1, -1, -1, 
-1, 1, -1, -1, -1, 1, 
-1, 1
]
<<<End of Training DATA Set>>>
<<<Training DATA Set>>>
Data: [
[1.   3.84 3.95], [1.   2.4  2.86], [1.   2.19 4.44], [1.   4.23 1.27], [1.   0.84 1.18], [1.   1.28 2.36], 
[1.   4.86 0.31], [1.   2.61 3.22], [1.   4.58 2.93], [1.   2.28 4.64], [1.   3.8  0.88], [1.   3.28 1.92], 
[1.   0.55 0.82], [1.   1.47 1.66], [1.   3.51 4.82], [1.   0.76 1.29], [1.   2.12 4.88], [1.   4.09 2.9 ], 
[1.   4.62 0.01], [1.   3.84 1.71], [1.   4.26 0.28], [1.   0.71 1.71], [1.  0.7 3.2], [1.   4.07 0.39], 
[1.   3.32 4.56], [1.   7.01 8.33], [1.   8.2  7.91], [1.   9.36 9.64], [1.   8.77 9.02], [1.  9.7 8.6], 
[1.   9.86 8.91], [1.   8.82 8.73], [1.   8.96 8.94], [1.   8.91 9.97], [1.   8.27 7.06], [1.   7.87 9.29], 
[1.  7.3 8.5], [1.   8.32 9.89], [1.   7.6  8.95], [1.   7.75 7.89], [1.   9.31 7.72], [1.   7.98 8.22], 
[1.   7.33 8.25], [1.   8.43 9.32], [1.   9.12 9.71], [1.   8.71 9.41], [1.   7.54 8.87], [1.   8.27 7.21], 
[1.   8.18 8.47], [1.   9.73 9.47]
]
Data Classification: [
1.0, 1.0, 1.0, 1.0, 1.0, 1.0, 
1.0, 1.0, 1.0, 1.0, 1.0, 1.0, 
1.0, 1.0, 1.0, 1.0, 1.0, 1.0, 
1.0, 1.0, 1.0, 1.0, 1.0, 1.0, 
1.0, -1.0, -1.0, -1.0, -1.0, -1.0, 
-1.0, -1.0, -1.0, -1.0, -1.0, -1.0, 
-1.0, -1.0, -1.0, -1.0, -1.0, -1.0, 
-1.0, -1.0, -1.0, -1.0, -1.0, -1.0, 
-1.0, -1.0
]
<<<End of Training DATA Set>>>
<<<Testing DATA Set>>>
Data: [
[1.   4.74 0.71], [1.   3.48 4.62], [1.   4.23 2.23], [1.   0.92 0.12], [1.   0.7  0.43], [1.   2.19 1.78], 
[1.   0.99 3.43], [1.   1.31 2.58], [1.   3.83 2.86], [1.   3.57 3.24], [1.   0.55 1.29], [1.   1.7  2.88], 
[1.  3.1 2.5], [1.   1.62 3.77], [1.   3.19 3.76], [1.   4.07 3.61], [1.   1.37 4.6 ], [1.   3.99 0.67], 
[1.   4.13 4.17], [1.   4.98 4.02], [1.   0.42 1.7 ], [1.   3.97 1.86], [1.   1.28 4.08], [1.   3.29 4.45], 
[1.   4.46 0.54], [1.   4.38 1.24], [1.   2.01 3.84], [1.   4.91 0.23], [1.   1.78 1.63], [1.   1.08 0.93], 
[1.   8.2  9.35], [1.   8.05 8.06], [1.   7.02 9.98], [1.   8.38 9.74], [1.   8.18 9.24], [1.   7.5  7.95], 
[1.   7.17 9.34], [1.   7.57 9.8 ], [1.   8.56 9.96], [1.   9.47 9.32], [1.   7.32 8.01], [1.   9.31 7.9 ], 
[1.   8.21 9.95], [1.   9.78 8.28], [1.   8.38 8.47], [1.   8.88 9.8 ], [1.   8.47 7.59], [1.   9.98 7.71], 
[1.   7.8  7.56], [1.   9.58 8.39], [1.   9.52 9.36], [1.   7.65 9.57], [1.   8.32 7.82], [1.   7.29 7.15], 
[1.   7.42 8.7 ], [1.   7.7  9.69], [1.   7.19 7.82], [1.   9.59 7.02], [1.   7.67 7.12], [1.   9.15 9.84]
]
Data Classification: [
1.0, 1.0, 1.0, 1.0, 1.0, 1.0, 
1.0, 1.0, 1.0, 1.0, 1.0, 1.0, 
1.0, 1.0, 1.0, 1.0, 1.0, 1.0, 
1.0, 1.0, 1.0, 1.0, 1.0, 1.0, 
1.0, 1.0, 1.0, 1.0, 1.0, 1.0, 
-1.0, -1.0, -1.0, -1.0, -1.0, -1.0, 
-1.0, -1.0, -1.0, -1.0, -1.0, -1.0, 
-1.0, -1.0, -1.0, -1.0, -1.0, -1.0, 
-1.0, -1.0, -1.0, -1.0, -1.0, -1.0, 
-1.0, -1.0, -1.0, -1.0, -1.0, -1.0
]
<<<End of Testing DATA Set>>>